视频名称                                          真实类别           预测类别          匹配
-----------------------------------------------------------------------------
01_Event_129_1751331501641_1                  1              1,2,11        ✗ 
02-05_Event_129_1753323159824_1               2,5            2,5,10        ✗ 
05-07-10_Event_66_1755852049227_1             5,7,10         1,5           ✗ 
02-04-06_Event_1024_1751188145098_1           2,4,6          2,4,6,11      ✗ 
02-10-11_Event_129_1752569746126_1            2,10,11        1,10,11       ✗ 
01-07-08_Event_257_1752171861431_1            1,7,8          7,8           ✗ 
02-05-06-11_Event_1024_1746059485144_1        2,5,6,11       2,5,6         ✗ 
10-11_Event_512_1752879856708_1               10,11          10            ✗ 
04-05-07-10_Event_2048_1754114303817_1        4,5,7,10       4,5,7         ✗ 
01-07_Event_129_1755743160754_1               1,7            1,7,10        ✗ 
02-04-10_Event_2048_1750214006955_1           2,4,10         2,4,11        ✗ 
01-02-04-06-07_Event_2048_1750990542115_1     1,2,4,6,7      1,2,4,6,7,11  ✗ 
11_Event_129_1751351935514_1                  11             6             ✗ 
01-04-05_Event_129_1753227278944_1            1,4,5          1,4,11        ✗ 
10_Event_512_1749788648825_1                  10             5,10          ✗ 
01-04-07-10_Event_2048_1750979604073_1        1,4,7,10       1,4,7,11      ✗ 
02-08-10_Event_129_1754261560583_1            2,8,10         1,10          ✗ 
01-04-05-11_Event_2048_1751850713931_1        1,4,5,11       1,4,5         ✗ 
02-04-07-08-10_Event_2048_1755738918846_1     2,4,7,8,10     1,2,3,4,7,10  ✗ 
02-06-10-11_Event_1024_1748848582047_1        2,6,10,11      2,6,10        ✗ 
02-04-05-10_Event_129_1753069337766_1         2,4,5,10       2,4,5,10,11   ✗ 
02-06-11_Event_1024_1746056984665_1           2,6,11         2,6           ✗ 
02-06-10-11_Event_8192_1746008574293_1        2,6,10,11      2,6,11        ✗ 
05_Event_512_1751594758561_1                  5              5,10          ✗ 
01-02-04-07-10_Event_129_1755916555824_1      1,2,4,7,10     1,4,7,10      ✗ 
11_Event_129_1751436725749_1                  11             9             ✗ 
01-04-07-08-10_Event_129_1755327047828_1      1,4,7,8,10     1,4,7,8       ✗ 
05-10-11_Event_512_1752728615725_1            5,10,11        5,10          ✗ 
02-06-11_Event_8192_1746029060540_1           2,6,11         2,11          ✗ 
01-04-07_Event_129_1751331517636_1            1,4,7          1,4,7,11      ✗ 
02-06-11_Event_1024_1751185056925_1           2,6,11         2,6           ✗ 
02-04-06-11_Event_1024_1751187496253_1        2,4,6,11       2,4,6         ✗ 
01-04-05-07_Event_129_1755914589216_1         1,4,5,7        1,4,7         ✗ 
02-06-11_Event_1024_1751187926110_1           2,6,11         2,6           ✗ 
05_Event_66_1755827431143_1                   5              5,11          ✗ 
02-06-11_Event_1024_1752142411314_1           2,6,11         2,6           ✗ 
07-08_Event_129_1755932324549_1               7,8            1,4,7,8,10    ✗ 
02-04-11_Event_129_1749205813131_1            2,4,11         2,4,5,6       ✗ 
02-07-08-10_Event_257_1754849599570_1         2,7,8,10       2,8,10        ✗ 
05-10_Event_2048_1754604350923_1              5,10           5,7,10        ✗ 
09_Event_512_1751873684000_1                  9              5,10          ✗ 
01-04-07_Event_129_1750975897827_1            1,4,7          1,4,7,8       ✗ 
01-05-07-10-11_Event_512_1756141134512_1      1,5,7,10,11    1,5,7,10      ✗ 
02-05-07-10_Event_65536_1752682211129_1       2,5,7,10       7             ✗ 
01-04-07-08_Event_129_1755739177364_1         1,4,7,8        1,4,7         ✗ 
02-06_Event_1024_1746073331260_1              2,6            2,6,11        ✗ 
01-04-07_Event_1024_1750977813105_1           1,4,7          1,4,7,8       ✗ 
02-07-08_Event_65536_1756191206757_1          2,7,8          2,7           ✗ 
02-11_Event_129_1750117655291_1               2,11           2,4,11        ✗ 
04-05-08_Event_129_1755745515920_1            4,5,8          1,4,5,7,8     ✗ 
05-10_Event_66_1752289318303_1                5,10           5             ✗ 
02-06-11_Event_1024_1746025274046_1           2,6,11         2,6           ✗ 
02-06_Event_129_1751626974555_1               2,6            2,6,11        ✗ 
01-07-08_Event_2048_1750976222003_1           1,7,8          1,4,7,8       ✗ 
02-03-04-06-07_Event_65536_1748834857312_1    2,3,4,6,7      1,2,3,4,6,7   ✗ 
10_Event_512_1753926162955_1                  10             1,10          ✗ 
01-04-07-08_Event_129_1755922352135_1         1,4,7,8        1,4,7         ✗ 
02-06_Event_129_1752228372051_1               2,6            2,6,11        ✗ 
01-04-07_Event_2048_1751219034146_1           1,4,7          1,4,7,8       ✗ 
09_Event_512_1752562156775_1                  9              10            ✗ 
01-07-08_Event_2048_1750976262008_1           1,7,8          1,4,7,8       ✗ 
01-02_Event_129_1754746432685_1               1,2            9             ✗ 
11_Event_257_1752395202924_1                  11             9             ✗ 
02-05-11_Event_129_1754718687697_1            2,5,11         2,5           ✗ 
02-06_Event_1024_1748603576100_1              2,6            2,4,6         ✗ 
09_Event_512_1756184392586_1                  9              5             ✗ 
05-10_Event_66_1752103917982_1                5,10           5             ✗ 
02-04-06_Event_1024_1748910342376_1           2,4,6          2,6           ✗ 
01-07-11_Event_65536_1750959271301_1          1,7,11         1,7           ✗ 
02-06-11_Event_1024_1746025980822_1           2,6,11         2,6           ✗ 
01-05-10_Event_129_1755044395110_1            1,5,10         1,5           ✗ 
03-04_Event_129_1756094655978_1               3,4            1,4           ✗ 
08_Event_257_1752590632650_1                  8              2,8           ✗ 
01-02-11_Event_129_1752170676009_1            1,2,11         1,2,8         ✗ 
02-06-11_Event_1024_1751187303869_1           2,6,11         2,6           ✗ 
01-02-03-06-11_Event_1024_1746015952003_1     1,2,3,6,11     1,2,3,6       ✗ 
02-05-06_Event_1024_1749803026421_1           2,5,6          2,6,11        ✗ 
04-08_construction_53_1                       4,8            8             ✗ 
09_Event_129_1751345455811_1                  9              11            ✗ 
02-06-11_Event_2317_1746060641141_1           2,6,11         2,4,6,11      ✗ 
03-04-10_Event_129_1756166831814_1            3,4,10         1,4,10        ✗ 
10_Event_512_1753098116664_1                  10             10,11         ✗ 
02-11_Event_129_1752537469203_1               2,11           11            ✗ 
01-02-04-07-08_Event_2048_1750981753164_1     1,2,4,7,8      1,4,7,8       ✗ 
01-05-11_Event_257_1751499220533_1            1,5,11         5,6,11        ✗ 
01-04-05_Event_66_1752573280029_1             1,4,5          5,10          ✗ 
11_Event_129_1751600348788_1                  11             9             ✗ 
01-02-04-07-11_Event_2048_1751212026099_1     1,2,4,7,11     1,4,7         ✗ 
11_Event_129_1751590369859_1                  11             9             ✗ 
02-06-11_Event_1024_1748664642132_1           2,6,11         2,6           ✗ 
01-04-05-10_Event_129_1752193175514_1         1,4,5,10       1,4,5         ✗ 
02-04-10_Event_129_1753590518822_1            2,4,10         2,4,7,10      ✗ 
01-04-07_Event_2048_1750978520151_1           1,4,7          1,4,7,8       ✗ 
10-11_Event_257_1752363729104_1               10,11          9             ✗ 
02-06-11_Event_1024_1750672435783_1           2,6,11         2,6           ✗ 
05-11_Event_129_1756165753632_1               5,11           5,6           ✗ 
09_Event_512_1754736018512_1                  9              5,11          ✗ 
02-06_Event_8192_1746020575052_1              2,6            2,11          ✗ 
05-11_Event_2048_1755489629262_1              5,11           5             ✗ 
02-07-08_Event_257_1754668774991_1            2,7,8          2,4,7,8       ✗ 
02-04-07-08_Event_2048_1752599218956_1        2,4,7,8        2,4,7         ✗ 
01-02-11_Event_129_1751542340147_1            1,2,11         2,11          ✗ 
03-04_Event_129_1753653067497_1               3,4            1,4,10        ✗ 
06_Event_129_1755733718189_1                  6              1,6,11        ✗ 
02-10_Event_512_1752359429331_1               2,10           1,10          ✗ 
01-04-07_Event_2048_1755919989786_1           1,4,7          1,4,7,8       ✗ 
03-04_Event_129_1755722298440_1               3,4            1,4           ✗ 
01-07_Event_65536_1754876663278_1             1,7            1,5,7         ✗ 
05_Event_2048_1753248324651_2                 5              9             ✗ 
01-04-07-08_Event_129_1751219441101_1         1,4,7,8        1,7,8         ✗ 
02-06-11_Event_1024_1746071302170_1           2,6,11         2,6           ✗ 
02-04-06_Event_1024_1748858979840_1           2,4,6          2,4,6,11      ✗ 
01-04-05-07-10_Event_2048_1755913450291_1     1,4,5,7,10     1,4,5,7,8     ✗ 
11_Event_129_1751603805401_1                  11             9             ✗ 
06_Event_129_1751625227520_1                  6              2,6,11        ✗ 
05-10_Event_512_1752710229841_1               5,10           10            ✗ 
01-06-07_Event_1024_1751204693788_1           1,6,7          1,3,6,7,10    ✗ 
01-04-07_Event_129_1756448354807_1            1,4,7          1,4,7,8       ✗ 
01-02-04-06-07-11_Event_2048_1750985327782_1  1,2,4,6,7,11   1,2,4,6,7     ✗ 
02-05-10_Event_129_1752807532900_1            2,5,10         2,5           ✗ 
05-10_Event_129_1752677880893_1               5,10           9             ✗ 
03-04-05_Event_129_1752673440294_1            3,4,5          1,3,4,10      ✗ 
09_Event_129_1752682581131_1                  9              10,11         ✗ 
05-06_Event_257_1753399976621_1               5,6            5,6,10        ✗ 
09_Event_129_1755836405656_1                  9              10            ✗ 
01-05-07-10_Event_129_1756445660703_1         1,5,7,10       1,5,7,8       ✗ 
01-04-07_Event_129_1750963822238_1            1,4,7          1,7           ✗ 
09_Event_129_1751407495301_1                  9              11            ✗ 
02-06-11_Event_1024_1749803035741_1           2,6,11         2,6           ✗ 
01-02-04-07_Event_2048_1755743608304_1        1,2,4,7        1,2,4,7,10    ✗ 
05-10_Event_512_1752383304318_1               5,10           5             ✗ 
02-08-10_Event_129_1754376342807_1            2,8,10         2,10          ✗ 
02-06_Event_8192_1746019809656_1              2,6            2,11          ✗ 
11_Event_257_1755773872868_1                  11             9             ✗ 
01-04-08-10_Event_257_1753951429114_1         1,4,8,10       1,4,8         ✗ 
02-06_Event_1024_1749809384796_1              2,6            2,6,11        ✗ 
11_Event_129_1751520337976_1                  11             9             ✗ 
02-06_Event_1024_1751189506975_1              2,6            2,6,11        ✗ 
01-05-07_Event_129_1754179639665_1            1,5,7          1,2,4,5,7     ✗ 
01-10_Event_129_1752749032467_1               1,10           1             ✗ 
05-10-11_Event_66_1755823577320_1             5,10,11        5,11          ✗ 
02-06-10-11_Event_8192_1746008192423_1        2,6,10,11      2,6,11        ✗ 
02-03-04-05-10_Event_129_1754961912223_1      2,3,4,5,10     1,4,5,10      ✗ 
01-02-07-11_Event_1024_1750985143081_1        1,2,7,11       1,2,4,7,11    ✗ 
01-04-07_Event_2048_1751211970323_1           1,4,7          1,4,7,8       ✗ 
02-08_Event_129_1752890445728_1               2,8            2,4,8         ✗ 
02-04-05_Event_129_1754298144707_1            2,4,5          2,4,7         ✗ 
01-03-04-06-10-11_Event_1024_1748602696083_1  1,3,4,6,10,11  1,3,4,10      ✗ 
02-04-05-10_Event_129_1756170732068_1         2,4,5,10       2,4,5         ✗ 
07-08_Event_129_1755914027176_1               7,8            1,7           ✗ 
01_Event_129_1754774489786_1                  1              1,10          ✗ 
11_Event_2048_1754641995813_1                 11             9             ✗ 
01-04-07-08_Event_129_1751214211458_1         1,4,7,8        1,4,7         ✗ 
03-04_Event_129_1755722277029_1               3,4            1,4           ✗ 
02-05-10_Event_129_1753347050705_1            2,5,10         2,5           ✗ 
02-04-10_Event_2048_1756002657862_1           2,4,10         2,4,5         ✗ 
06_Event_1024_1749804207199_1                 6              6,11          ✗ 
01-02-05-06_Event_129_1751846616501_1         1,2,5,6        1,2,5,6,10    ✗ 
02-03-04_Event_2048_1756011696942_1           2,3,4          2,4,7,10      ✗ 
05-11_Event_66_1755417410668_1                5,11           5             ✗ 
01-02-07-08_Event_129_1754419775714_1         1,2,7,8        2,7,8         ✗ 
05_Event_129_1755665167360_1                  5              1,5           ✗ 
02-04-05-07-08_Event_2048_1752376890398_1     2,4,5,7,8      2,4,7,11      ✗ 
02-06_Event_1024_1752452938157_1              2,6            2,6,11        ✗ 
10_Event_129_1756287066299_1                  10             9             ✗ 
01_Event_129_1754653521246_1                  1              1,2           ✗ 
01-02-04-07-08_Event_129_1751205658230_1      1,2,4,7,8      1,4,7,8       ✗ 
04-06_Event_2048_1748663945194_1              4,6            4,6,11        ✗ 
05-11_Event_2048_1756397152979_1              5,11           9             ✗ 
11_Event_129_1751554833111_1                  11             9             ✗ 
02-06-11_Event_1024_1751242423579_1           2,6,11         2,11          ✗ 
01-04-07-08_Event_129_1756000028236_1         1,4,7,8        1,4,7         ✗ 
01-04-07_Event_129_1750966322940_1            1,4,7          1,7,8         ✗ 
02-07-08_Event_129_1756434475464_1            2,7,8          2,4,7         ✗ 
03-04-05-10_Event_129_1752727258196_1         3,4,5,10       1,4,5,10      ✗ 
05-11_Event_66_1755758532412_1                5,11           5             ✗ 
02-04-06_Event_129_1749373343757_1            2,4,6          2,4,6,7       ✗ 
01-07_Event_129_1751526439544_1               1,7            1             ✗ 
02-04-11_Event_129_1749832480888_1            2,4,11         1,2,11        ✗ 
01-04_Event_129_1755815313063_1               1,4            1,4,10        ✗ 
05-10_Event_257_1754398254920_1               5,10           5,10,11       ✗ 
01-05_Event_66_1755389476008_1                1,5            5             ✗ 
01-02-04-07-10_Event_65536_1754290624039_1    1,2,4,7,10     1,2,4,7,8,10  ✗ 
01-04-07_Event_65536_1750978286131_1          1,4,7          1,4,7,8       ✗ 
01-07_Event_65536_1750967949111_1             1,7            1,7,11        ✗ 
01-04-07_Event_129_1756437806970_1            1,4,7          1,4,7,8       ✗ 
10_Event_257_1753963922417_1                  10             5,10          ✗ 
02-08_Event_129_1753901562358_1               2,8            1,2           ✗ 
01-02-04-08_Event_129_1755220473223_1         1,2,4,8        1,2,4         ✗ 
02-04-06_Event_129_1752659152035_1            2,4,6          2,4,5         ✗ 
10_Event_129_1756185811982_1                  10             9             ✗ 
03-04-05_Event_66_1755858913486_1             3,4,5          5             ✗ 
01-02-04-06-07_Event_2048_1750991044034_1     1,2,4,6,7      1,2,4,7,11    ✗ 
09_Event_129_1753050516125_1                  9              11            ✗ 
01-02-04-06_Event_1024_1746057790621_1        1,2,4,6        2,6,11        ✗ 
02-05-06_Event_1024_1748664369567_1           2,5,6          2,5,6,11      ✗ 
07-08_Event_257_1756169287694_1               7,8            4,7,8         ✗ 
01-02-03-06_Event_1024_1746015841926_1        1,2,3,6        1,2,3,6,11    ✗ 
05-07_Event_66_1752103640321_1                5,7            5,7,10        ✗ 
03-04-05_Event_129_1753251780731_1            3,4,5          1,4,5,10      ✗ 
01-05-07-10_Event_512_1755158058567_1         1,5,7,10       1,7,10        ✗ 
02-06_Event_1024_1750586835480_1              2,6            2,6,11        ✗ 
02-04-05-10_Event_129_1752132357429_1         2,4,5,10       2,4,10        ✗ 
11_Event_129_1751517142446_1                  11             9             ✗ 
02-04-05-10_Event_129_1752713814287_1         2,4,5,10       2,4,5         ✗ 
01-02-03-04_Event_129_1752728143334_1         1,2,3,4        2,10          ✗ 
07-08-10_Event_129_1755924368069_1            7,8,10         7,8           ✗ 
02-07-08_Event_257_1754674963305_1            2,7,8          2,8           ✗ 
01-02-08-10_Event_257_1754675004910_1         1,2,8,10       1,7,8,10      ✗ 
02-11_Event_129_1749164734454_1               2,11           2,4,11        ✗ 
01-07_Event_129_1751312780364_1               1,7            1,7,11        ✗ 
03-04_Event_129_1753653205018_1               3,4            1,4,10        ✗ 
04-07-08_wrong_way_driving_35_1               4,7,8          7,8           ✗ 
01-11_Event_512_1755668163085_1               1,11           1,5           ✗ 
05-11_Event_257_1752749057774_1               5,11           5,10          ✗ 
02-05-10_Event_129_1753834445916_1            2,5,10         1,2,5,10      ✗ 
01-04-07-08_Event_129_1751222442139_1         1,4,7,8        1,7,8         ✗ 
02-06-11_Event_1024_1751186455029_1           2,6,11         2,6           ✗ 
02-06-11_Event_1024_1748664979020_1           2,6,11         6             ✗ 
07-08_Event_65536_1754793525059_1             7,8            1,7,8         ✗ 
02-05-11_Event_129_1753324177941_1            2,5,11         2,5           ✗ 
06-11_Event_129_1751620166609_1               6,11           6             ✗ 
06-11_Event_1024_1750046936989_1              6,11           6             ✗ 
02-11_Event_129_1751975050452_1               2,11           2,6,11        ✗ 
01-04-07_Event_129_1755915988030_1            1,4,7          1,4,7,8       ✗ 
01-04_Event_1024_1748663413436_1              1,4            2,4,6         ✗ 
02-06-11_Event_1024_1746018209653_1           2,6,11         2,6           ✗ 
02-07-08-10_Event_257_1754676051535_1         2,7,8,10       2,7,8         ✗ 
02-04-05_Event_66_1752194141237_1             2,4,5          2,4,5,8       ✗ 
01-06-07-10_Event_257_1752220584922_1         1,6,7,10       1,6,10        ✗ 
01-04-07-08_Event_129_1756351132247_1         1,4,7,8        4,7,8         ✗ 
01-02-08-10_Event_129_1756370565772_1         1,2,8,10       2,8           ✗ 
04-06_Event_2048_1748663264146_1_1            4,6            4,6,11        ✗ 
08_Event_257_1756289934247_1                  8              2,8           ✗ 
02-06_Event_1024_1746073366315_1              2,6            2,6,11        ✗ 
02-04-10_Event_129_1752808206791_1            2,4,10         2,4,11        ✗ 
02-06-11_Event_1024_1752397559663_1           2,6,11         6             ✗ 
01-04-07_Event_129_1752171072903_1_1          1,4,7          1,4,7,8       ✗ 
11_Event_129_1751443473335_1                  11             9             ✗ 
02-04-05-07_Event_129_1752680181661_1         2,4,5,7        2,5,7,8       ✗ 
01-07-11_Event_129_1751492172915_1            1,7,11         2,7,11        ✗ 
11_Event_129_1751397858515_1                  11             9             ✗ 
01-02-10_Event_129_1756168510600_1            1,2,10         2,10          ✗ 
01-03-04-10_Event_129_1752673443473_1         1,3,4,10       1,4,10        ✗ 
05_Event_66_1752111717419_1                   5              5,10          ✗ 
02-06_Event_1024_1746062182762_1              2,6            2,6,11        ✗ 
01-02-04-06-07_Event_2048_1750990554158_1     1,2,4,6,7      1,2,4,6,7,8   ✗ 
01-04-05-07_Event_2048_1756438410926_1        1,4,5,7        1,4,5,7,8     ✗ 
02-04-10-11_Event_129_1756333500106_1         2,4,10,11      2,4,11        ✗ 
01-04-07-08_Event_129_1755849119327_1         1,4,7,8        1,4,8         ✗ 
02-04-08_Event_2048_1756435880736_1           2,4,8          1,2,4,7,11    ✗ 
02-04-05-08-10_Event_129_1756450358482_1      2,4,5,8,10     2,4,5         ✗ 
09_Event_129_1756452651614_1                  9              1,10          ✗ 
02-04-07_Event_2048_1756345722679_1           2,4,7          2,4,7,11      ✗ 
01-04-10_Event_2048_1756285464260_1           1,4,10         1,3,4,10      ✗ 
01-05-10_Event_129_1755472342953_1            1,5,10         10            ✗ 
01-04-05-06-07-10_Event_257_1752222658145_1   1,4,5,6,7,10   1,3,4,5,6,7   ✗ 
02-04-06-11_Event_1024_1748859145451_1        2,4,6,11       1,2,4,6       ✗ 
05-10-11_Event_66_1755389656717_1             5,10,11        5,10          ✗ 
04-08_Event_257_1754720932835_1               4,8            4,5,8         ✗ 
02-08_Event_257_1751521504002_1               2,8            2,8,10        ✗ 
01-02-07-11_Event_65536_1750981599056_1       1,2,7,11       1,2,4,7,8     ✗ 
01-02-04-06-07_Event_1024_1750981976187_1     1,2,4,6,7      1,2,4,7,11    ✗ 
01-02-08-10_Event_129_1754981268603_1         1,2,8,10       2,10          ✗ 
11_Event_257_1752316822058_1                  11             9             ✗ 
02-05-08_Event_129_1756449892435_1            2,5,8          2,5,10        ✗ 
01-03-06-07-10_Event_257_1752219538994_1      1,3,6,7,10     1,6,7,10      ✗ 
02-06-11_Event_1024_1750046439809_1           2,6,11         2,6           ✗ 
02-06-11_Event_129_1751588614334_1            2,6,11         6,11          ✗ 
01-04-05-07_Event_129_1755921441032_1         1,4,5,7        1,5,7         ✗ 
09_Event_512_1755206724538_1                  9              10            ✗ 
02-11_Event_129_1748254491354_1               2,11           2,4,11        ✗ 
02-04-11_Event_129_1756304145199_1            2,4,11         2,4,5         ✗ 
01-04_Event_129_1752185602101_1               1,4            1             ✗ 
02-11_Event_129_1751880242050_1               2,11           2,4,11        ✗ 
01-02-04-06_Event_129_1751986196237_1         1,2,4,6        1,2,3,4       ✗ 
02-06_Event_1024_1746082162888_1              2,6            2,6,11        ✗ 
02-05-06_Event_1024_1746082577158_1           2,5,6          2,6           ✗ 
02-04-07-08-10_Event_65536_1754981986753_1    2,4,7,8,10     2,7,8,10      ✗ 
05-11_Event_257_1756130513430_1               5,11           9             ✗ 
02-05-10_Event_129_1756350126266_1            2,5,10         2,5           ✗ 
01-04-07_Event_65536_1754180683169_1          1,4,7          1,7           ✗ 
01-04-07_Event_129_1755910716032_1            1,4,7          1,4,7,8       ✗ 
02-04-06_Event_2048_1748857087314_1           2,4,6          2,4,6,10      ✗ 
01-04-07_Event_2048_1756448075062_1           1,4,7          1,4,7,10      ✗ 
09_Event_66_1755769794749_1                   9              11            ✗ 
11_Event_129_1751352594893_1                  11             9             ✗ 
11_Event_129_1756168671300_1                  11             9             ✗ 
02-08-10_Event_257_1754341082838_1            2,8,10         1,2,8,10      ✗ 
06-10_Event_257_1752222673670_1               6,10           6             ✗ 
05_Event_129_1752575586771_1                  5              5,11          ✗ 
01-04-07_Event_129_1751216406683_1            1,4,7          1,4,7,8       ✗ 
